492561.237319011
652604.038236793
972489.048708284
1042804.77585942
1183290.6027874
1499915.67809869
1727481.76344841
1735127.39026232
1983267.10792917
1992719.187764
2144635.40818727
2254861.41366258
2348909.56494697
2357172.01612881
2358963.75939669
2489890.34952125
2600791.46652285
2664416.17994018
2813475.30809855
3019575.79557975
3078749.27557617
3094712.65084007
3118803.38981316
3241712.41183231
3345494.89588314
3371196.8611404
3462717.95553682
3464852.29166898
3489929.60372994
3712595.90165551
3761801.01717761
3918415.91084998
3934534.75904629
4038720.75316197
4053275.05092566
4129517.17530855
4177326.99885911
4372744.86882995
4410812.26876379
4454440.83168518
4542127.9455081
4693781.92320103
4711427.42602102
4749535.848972
4787517.38705129
4791468.02216221
4840515.77804379
4962211.7576718
5060468.22019207
5121238.28977022
5209745.57616892
5233158.90059567
5266259.54353137
5316773.06530787
5317199.23166385
5430329.09144743
5474763.30209283
5589733.65507438
5628497.37258764
5633934.88269954
5716795.80329463
5721578.87474505
5774876.83862526
5808671.8781652
5858332.44461855
5948979.68677178
5959973.06795925
6057702.91536043
6058687.23293498
6125798.96358987
6148926.70002657
6162147.0340554
6216224.91242105
6282973.90237956
6355671.05398399
6404989.82594021
6474433.74039169
6484213.72960543
6490526.18947855
6516091.90946625
6611699.75248083
6625057.30691974
6652150.92488068
6684743.86152552
6698224.57620094
6707320.30472269
6732462.5556711
7061744.43893372
7079177.42145574
7090527.67391183
7093021.88097611
7187119.63106182
7225820.06883575
7282761.29522608
7307343.13715542
7399259.77940859
7404827.91555549
7549861.83933593
7594181.12446434
7630183.86736173
7704746.0876416
7742162.4151365
7783651.87927193
7790859.480029
7823046.76610329
7877313.61163293
7913024.18842946
7991018.12323908
7991664.1552328
8045294.5688059
8054589.07067494
8114581.85615178
8183539.92218814
8207280.39087593
8234281.84609341
8296598.76711845
8336594.01048958
8363993.65992141
8380337.20288208
8421626.6472852
8427626.597895
8466678.67356157
8560727.1226517
8594980.97515123
8615574.06586488
8657947.93586918
8665629.84252663
8722572.15470553
8876493.43881954
8990051.01006216
8996995.63795101
9178303.00836966
9259177.71956933
9276516.69805313
9300337.85444533
9316127.72824377
9346555.0876064
9346970.70344808
9418590.73637502
9480806.12895664
9519128.48079004
9527560.59718426
9573233.17952746
9621413.66454307
9651971.0338568
9689616.31616658
9718904.45339231
9758171.19975289
9793481.78034838
9806815.94591714
9821159.81456047
9879101.93028521
9881429.34043763
9912987.20844799
10030539.3655737
10099279.7092519
10162142.4433713
10188588.3182084
10199153.9045719
10251396.0138235
10304178.2617997
10307646.344254
10316407.2436165
10393698.9018649
10420577.943559
10538343.3103987
10567658.3311406
10747537.0216869
10751164.7561005
10844656.4960616
10855095.6658085
10981815.0146825
11000721.8634318
11015288.8130315
11030674.993503
11035232.771073
11042330.4623994
11050420.4653337
11133872.8804355
11149214.017218
11150319.6777406
11182813.3072431
11198138.7154146
11221750.4707281
11251302.8669814
11282764.0351269
11292628.825402
11337440.7298466
11339926.7542093
11351307.5388468
11357776.5786457
11358230.3613564
11460706.7497364
11477586.0889601
11521505.4191183
11583328.9146621
11603124.092795
11655533.1198696
11678226.3209767
11764883.0145222
11777377.400156
11778008.4610051
11816244.5550139
11827057.5656261
11944042.8909604
11963651.4874633
11969487.6990956
11991867.809618
12031258.326588
12048261.9365011
12079692.0703485
12132357.1756842
12243429.1293621
12274050.9840711
12334937.8396726
12343843.2074455
12344029.8998175
12350898.2795295
12411682.7611808
12435943.8369489
12442988.0703812
12490339.8757554
12494790.538806
12517131.0361133
12536216.8399734
12592270.0107669
12637770.5154645
12663381.9670559
12679629.296238
12732037.706662
12746813.1052598
12812396.0255553
12835069.8772458
12877055.2607473
12906115.65023
12944563.1726747
12974482.8646561
13025122.1046172
13026987.2997416
13050747.5253947
13085345.8434919
13085475.9460317
13089237.0908814
13139005.8743432
13161532.0739719
13229187.379736
13232782.8979002
13272914.9898915
13286042.8266578
13309996.6650604
13317423.6518009
13437254.7463942
13465377.3838288
13478463.8420548
13528874.4496858
13535456.1148911
13569827.6497829
13570789.5327818
13700924.7012612
13706123.2333059
13713722.8988656
13829807.2335297
13856148.049361
13874763.0445455
13916196.1414023
14041594.9846349
14051646.8018489
14070098.9233888
14101767.163881
14124375.040736
14149194.505243
14184140.0833171
14234030.7949247
14239324.4821065
14280605.6276247
14305846.1178202
14320837.612861
14460726.2843484
14488268.7902134
14494122.4299943
14498761.9910583
14543470.6208046
14552760.8277753
14564566.1996895
14593128.8034614
14597470.5996832
14616229.6207233
14644304.5493498
14650755.5359671
14684505.7522257
14778693.0101907
14779204.09646
14783687.9665517
14789216.2180766
14828060.64193
14849528.700328
14856693.4496191
14883648.5139038
14947456.4125122
15016326.4102744
15031887.544072
15080207.4561986
15182472.3961842
15221419.8038668
15222941.7199976
15264924.7656433
15273089.3204193
15320837.3111632
15339774.748309
15345904.4724015
15368863.3849407
15470458.0055247
15515867.9628304
15537377.3314632
15613649.1419793
15650121.7244823
15754462.9449151
15834689.9035361
15839749.1522225
15868834.7869186
15874578.1134188
15886214.1216594
15891137.4052594
15936639.3345082
15955996.8516376
15981150.7091342
16007435.6977775
16060531.3086936
16062462.7338282
16067435.1542795
16103423.7609154
16119758.5461583
16150822.045866
16198361.3158596
16258109.8157226
16279204.6141249
16286545.2889003
16360248.5236376
16377515.5924408
16384269.2018467
16384368.4593568
16391459.8598718
16411563.0732429
16413503.3968916
16571881.2289515
16624123.0792977
16674420.2444347
16746478.341724
16836904.508365
16847803.9636952
16880018.276375
16895641.8669859
16905385.6782747
16914957.3633153
16922167.1485916
16938958.5105443
16975630.8571636
16977783.8455664
16984001.4358782
17000835.1877442
17005754.5230539
17025164.888772
17039019.1592503
17049854.0635929
17055381.0953147
17060649.7633766
17072907.5233428
17074219.7207324
17075069.2435654
17091236.6222165
17131251.1239887
17145822.2564326
17183275.083127
17215937.8144069
17250413.6794708
17254857.180574
17292721.1235524
17360079.4417684
17398766.1801118
17400088.1440304
17407880.1483904
17409942.7473171
17448128.7990459
17478035.6548259
17483883.0889089
17490494.6568284
17492227.7698185
17517063.2756858
17527455.2515651
17531614.5068283
17544834.437011
17581160.3496947
17620217.15034
17667487.8840685
17674440.4876607
17703355.0446611
17731171.3473822
17739850.5421414
17756520.3024006
17791030.2750633
17801458.4436014
17812633.4736041
17846792.9018892
17877819.4150476
17918976.5439406
17929694.4161949
17950144.08217
17998289.0342701
18001715.2704096
18008863.4356611
18043325.4071136
18049304.9309058
18052676.2117385
18075400.5050307
18109397.6899805
18110736.9081483
18127441.3627985
18128171.4278445
18173717.1909247
18196254.0838829
18213576.6818556
18239598.1448311
18293244.5363116
18299868.8446675
18310665.6527835
18366593.5722482
18375879.0299041
18378262.9976883
18398667.9837681
18573943.3218035
18601369.7329668
18605203.5771694
18607747.7740003
18617518.4209605
18635162.6059491
18644137.1690436
18650883.2960504
18711334.0902805
18714642.8986115
18721359.3557337
18730472.4174217
18733864.5701851
18736636.198407
18770748.2038841
18863323.4408228
18890064.028177
18893965.5796392
18952956.4700215
18999141.5489051
19017843.8249592
19021164.9602908
19029302.6193598
19072837.8718394
19111995.8931974
19132130.7973095
19154440.970841
19182542.8338854
19239986.6003778
19275785.9735556
19281172.3388799
19316366.6596959
19325511.5926591
19352926.7367485
19374431.0629899
19395482.1010374
19464325.8967904
19474332.7835638
19475477.7739475
19534685.0145083
19556925.2882595
19558566.0050713
19574897.5549544
19625201.9066421
19628963.9416644
19656435.964591
19660739.5659378
19672809.4430526
19695940.6745402
19794790.2516862
19817073.8018687
19820178.3160757
19838699.7397565
19872526.4553848
19893398.4984141
19896846.2360973
19939159.2331205
19947403.9930392
19970856.8579166
19979067.7155643
19979190.7316009
19979755.8943072
20000474.6027639
20052547.6200664
20076476.963606
20085335.3322328
20089566.0497111
20155732.3347808
20208858.56293
20209716.2513354
20231960.8764313
20276959.6961226
20289043.3290224
20309508.7208797
20365265.8891297
20388730.5437779
20391222.4923635
20444183.3730746
20449294.4741597
20491619.180689
20589174.9970986
20592125.7177501
20647356.2468823
20677122.041165
20736852.4700592
20759683.9785033
20786928.3950416
20801775.9732921
20810537.6898773
20820492.0094993
20836700.4717388
20887645.3842497
20904437.1636811
20911507.5031157
20931503.3742975
20971742.2578032
20993040.5735679
20998481.7668891
20999073.1123568
21019893.7311512
21029962.6052512
21122418.2397472
21140391.5885535
21174125.4040191
21183962.9095109
21195827.758653
21240916.0088361
21301470.513108
21307010.1224613
21315303.4213046
21340169.3934541
21392981.4839613
21401269.8609438
21432953.7806012
21433864.4870246
21502502.0163561
21584515.1697901
21593900.3740702
21645472.5763554
21689432.6352203
21701216.39152
21721703.0423176
21736385.5372878
21782262.7061379
21825441.4279784
21881044.3408059
21894520.5361138
21933764.0314261
21952099.1465164
22063786.0980558
22106841.6687819
22116011.7363833
22135672.3228804
22181951.1812098
22183226.0652677
22202411.5859415
22267806.9043471
22290587.3549639
22315414.9429634
22343641.4876176
22347341.1064814
22355774.0586378
22358863.2703671
22393197.8955166
22441930.4954882
22444040.0262238
22500901.1781511
22527567.8200247
22557056.1326545
22600373.8805287
22620120.3752815
22623009.8552954
22652547.7129201
22673627.6809318
22712251.1934129
22727883.3524183
22735154.1201776
22745868.1482544
22746863.2711633
22763429.8512766
22776669.1214965
22799637.3358727
22837748.5260397
22841529.6615173
22842017.7877166
22844530.3919364
22849333.5735888
22852422.4527972
22876966.7435634
22877742.5342396
22890560.1552055
22922361.7717897
22993892.554125
23006509.8164929
23011724.4719758
23037788.955002
23056376.1190347
23111396.9779348
23135809.2475496
23137534.8991711
23150636.5385461
23151626.647028
23187199.361903
23245950.2072046
23248597.257826
23293510.3985829
23305929.4105427
23330871.1252581
23336723.9592923
23341732.2190522
23381429.1382684
23444341.0341426
23458301.4194376
23494602.0564776
23495548.4372458
23539107.0068242
23611091.2439981
23647586.0910321
23657466.9494105
23678959.5436493
23689132.8237618
23713164.2022457
23803207.722701
23830330.2541894
23832154.3375018
23838393.8774795
23853975.8526888
23859209.8236849
23927865.8098544
23964346.0074387
24079521.5991786
24089629.0710968
24099707.3536612
24124459.6995953
24139123.2556971
24206298.2864934
24319355.4344944
24322546.6054909
24330530.9648562
24368412.9185726
24376776.1496907
24379786.5273065
24389576.5987352
24436480.4896643
24472040.4411962
24472630.7142962
24501732.5378946
24534093.0900701
24601687.5408832
24652989.6272693
24654218.9493435
24679903.6417592
24700226.1405926
24752318.6340665
24773275.3295053
24776052.8387058
24809624.2381573
24866312.2029272
24894753.4978396
24958998.979998
24961896.0215397
24967975.4502613
24984523.084601
25046747.2896113
25061060.003422
25061225.6602885
25081596.1538203
25102862.6246338
25105712.6315689
25108887.8230246
25132086.4005914
25162795.1270307
25162949.1805386
25193673.8658992
25250010.7322476
25287756.5896122
25334065.0304843
25363008.8337713
25369464.2057782
25451341.8091474
25488121.4610274
25521914.9595289
25530482.1137395
25548716.3552588
25552584.9827746
25581795.3461142
25590855.1153554
25634047.312123
25714465.0316793
25746247.9408176
25812021.6506881
25876265.0201546
25896477.7138692
25931562.6852368
25977886.5708273
26013357.0718898
26032105.6800842
26109372.706375
26130847.4204635
26197769.5968178
26227273.971882
26228502.8012161
26229817.8992716
26275683.357766
26281535.7552961
26296832.0672721
26316290.1028555
26350402.4601527
26381048.6310457
26468933.4845637
26562859.5288787
26647182.2239901
26647344.1051388
26658461.9895242
26660870.6697155
26663894.1145998
26684928.3555857
26845929.0221023
26866248.7392135
26909956.4375714
26920134.2285798
26975345.2590861
26995155.145658
27045513.4454517
27101449.9809339
27135655.2203729
27198511.3934946
27239024.4196841
27309616.0939622
27333303.790506
27393338.4173317
27505466.0317309
27544038.8587737
27562265.9981613
27680325.8481016
27712140.1654119
27758797.4836851
27775533.9135943
27781071.052954
27826708.9736703
27852876.4291717
27898523.8410426
27909696.5999912
27949755.6219772
27950422.8027132
27954663.9071571
27977242.483716
27982938.3109705
28009401.8888252
28030857.0850302
28112296.6695475
28120209.8244893
28123754.1711494
28141889.0584746
28180136.1535826
28185433.5431604
28236066.7826114
28237689.514935
28280074.7456149
28301364.4421381
28328391.7966708
28366229.1755754
28369549.6159495
28393456.5728695
28433306.300926
28458174.2333356
28465429.0020347
28488788.1027786
28527293.6062172
28530484.8935533
28585021.4121607
28603014.4334886
28615400.6819928
28656243.97747
28681901.1444802
28692314.0639417
28742455.2943893
28788329.3374717
28797957.7117613
28812459.593952
28834915.9093617
28875590.9712499
28898762.207316
28918326.6040814
28934311.8726275
28954523.8762036
28975814.6956884
29054022.2852315
29165155.115328
29183480.6899459
29213040.1272214
29271804.0411233
29275909.5990413
29297028.3685754
29304305.3690281
29314539.4820267
29350938.5936559
29391751.0633128
29421795.9030329
29431010.3762849
29473336.2152542
29490961.9782655
29645391.9069068
29646145.6443765
29661250.8861075
29722652.7847657
29776673.6814585
29784847.8976118
29827837.4460925
29829018.1952892
29855590.5435401
29898624.3728175
29987271.1028502
30000545.6381681
30007856.9416279
30032209.0591922
30046282.3622119
30054023.1037367
30064476.2956112
30088188.2200565
30149714.8848678
30190896.6255463
30206802.3132612
30249902.7020489
30351644.5266128
30409557.4816485
30439804.5815217
30444322.3695202
30452910.8335408
30553633.0535739
30577113.0788364
30699409.6307274
30699949.1301238
30705957.1046841
30750290.822058
30826407.5528043
30844802.2675393
30910319.8399164
30912178.2111587
30966451.1512231
30987557.4591673
31036951.4126219
31039835.0498507
31159894.5968147
31202047.2485005
31212664.3662645
31310970.7986009
31341433.1229615
31390394.4510261
31392472.2385256
31435773.3622033
31488543.009551
31510550.068927
31514624.083846
31602994.9887434
31680171.3590131
31760202.1590825
31882471.7705376
31894342.4926995
31971326.5676086
32149573.0796624
32177884.8177046
32207782.4118209
32215302.6737846
32229188.1185349
32278245.1040387
32282036.6311073
32445559.0391246
32449666.48828
32503306.6034404
32576994.8007908
32687538.9579099
32691630.6660406
32720767.8452682
32753600.8626744
32783231.0826921
32818336.7621137
32856086.3855985
33007659.9017334
33010409.1928839
33044404.7494277
33140883.5596977
33174510.2852284
33277285.677008
33324555.0070781
33329912.4985852
33358126.2841844
33376236.0662811
33516089.1402852
33529790.5091483
33600536.7503241
33715319.8819976
33718832.4885184
33728693.0647559
33758499.4183025
33789262.8551781
33848183.4251727
33888137.043676
33919052.2535268
33928181.4177891
33972958.1934484
33983633.9646925
34011828.9729686
34025989.769548
34077065.9246434
34085752.1566776
34138739.626148
34221889.1043979
34227206.3727539
34228534.8508107
34231647.8846142
34320703.8445712
34326247.4945119
34418371.3896986
34455804.4492734
34469503.3836344
34471474.9099465
34477544.2729011
34583916.0259328
34611105.7528616
34644120.3488242
34716932.39479
34766104.5182875
34840382.8990917
34842322.3336253
34856307.1460973
34939464.5324748
34994056.2965094
34995121.7451224
35008574.438619
35013333.4451138
35048451.691295
35115966.3356909
35165551.2955934
35172688.9051883
35206595.4188472
35221065.6638896
35275896.8517538
35276581.5625172
35278560.9386593
35286066.2821399
35362805.3935403
35410844.7197753
35436245.7941325
35459054.8774282
35480575.7284512
35557542.4730522
35573270.7759287
35604748.8651479
35788789.5419369
35829551.6328045
35894928.884799
35902777.6828898
35907971.9607698
35994036.9019736
36002267.791882
36006762.5830096
36047796.1033958
36051735.430746
36060007.2536569
36173391.7039613
36208974.014115
36327924.4404049
36391005.4364244
36426013.3562589
36677372.9833711
36710178.1760906
36721831.6899736
36853492.3404759
36876781.2276926
36984342.1852702
36999813.2118231
37013612.0795258
37014228.0760324
37096081.1820028
37201405.3446097
37226389.0610149
37282821.2041036
37342755.3386632
37377197.1713219
37396133.2141798
37416473.1292733
37470754.4512939
37503115.8336429
37575086.7176985
37580136.8131589
37690493.6609851
37768207.8346028
37783080.1926136
37799303.7840625
37804433.1228539
37819718.6875234
37885728.7093342
37911867.5225611
37925164.2584779
37991225.3515002
38163211.558394
38197149.8882929
38208145.0054699
38214486.6721791
38280757.7401951
38312109.9806627
38368831.0893412
38370383.5988307
38404120.5606272
38479798.9909278
38560901.0849702
38600025.5736255
38650864.0534228
38693029.2299023
38704502.8635253
38705117.1756755
38744108.3230078
38749519.838811
38796982.9838957
38799918.2749664
38800302.9685809
38823900.0464748
38852516.1889321
38932576.9000613
38960858.3466108
38986814.4505142
38994816.8349124
39014250.5096111
39044962.5861749
39106542.4334504
39137632.165381
39166894.5187899
39212394.3519455
39218247.2461674
39221930.3341843
39263918.5493092
39303158.4665161
39310524.8346743
39368014.0516955
39379089.1416309
39400337.568536
39429445.9313096
39469561.5307757
39530964.7016367
39617141.5859464
39643496.102431
39644927.172078
39650219.4492497
39654644.9336307
39679897.6125823
39702604.4548734
39746371.3451291
39808626.5486106
39813832.4236278
39823132.8158794
39827991.1324979
39867010.7696016
39971683.7449702
40010027.2617865
40046079.130732
40095769.4775085
40126022.6713074
40167213.1733698
40169439.2241572
40219591.327144
40270357.0100155
40277006.178
40321979.1816178
40362567.1929334
40364658.8192078
40386165.4215315
40523243.258442
40527018.0861531
40530062.8240275
40532037.4812141
40582927.9901102
40605436.4851866
40637041.7488102
40643113.9582252
40695616.4203508
40696302.6856867
40747812.6945533
40754941.4366787
40821524.0486729
40822588.2099789
40832846.2874392
40841648.1871253
40846719.1957273
40875393.1825528
40928806.7631712
40968927.461205
40999789.9547963
41092723.0626655
41216175.1241034
41250352.0467589
41270087.9546131
41290180.358814
41297161.3776717
41357655.6835934
41538838.0766445
41618273.2592475
41656718.5888967
41681453.9251089
41685930.3425192
41733089.5265946
41753279.0126142
41768841.3932161
41881498.1684589
41970114.7911683
42030660.4438764
42045692.4631648
42078770.8206196
42089135.1227902
42115286.030094
42194972.8549334
42242827.2984444
42320364.3814259
42367584.9540063
42449112.5557268
42506649.8106798
42567694.3255824
42629538.3253407
42811083.9545354
42823765.7201807
42848336.700159
42945642.188846
42986806.7088458
42995257.9634692
43045252.4460616
43073220.7360005
43256692.9096763
43346611.3836943
43393793.5998223
43507640.5808828
43539452.5180196
43547433.950391
43582954.4574762
43718248.3629797
43810055.2035236
43936465.938975
44042915.4910054
44142694.4372329
44154585.6682424
44228718.6623752
44319240.3397561
44418311.7217287
44569295.2074999
44628663.0061722
44638676.6627804
44890749.944282
44909021.1670606
44945291.1234513
45105450.655634
45119555.7315353
45128740.7836927
45222164.8539273
45265621.3667995
45353724.3572907
45365912.5076978
45390260.424679
45408425.5311569
45430251.6070937
45466115.5845191
45477948.6588868
45513178.203229
45604755.2694766
45621567.1633163
45720406.767683
45750350.129183
45762547.3320975
45805344.7368177
45816579.9156903
45828553.5998059
45852736.134177
45873146.0938324
45897538.7259821
46083222.8530209
46096750.4267157
46185399.3272083
46272404.0251654
46319669.7272745
46340860.5465953
46378947.780723
46430197.3596944
46554876.9732195
46621552.2158367
46622406.6824726
46663950.7333111
46692555.6236247
46700833.5044674
46720043.2149265
46726048.5419044
46783280.9040998
46825360.4263628
46847973.2481177
46853352.4969738
46884139.2907274
46995047.5641142
47022264.8796928
47096862.9477701
47123973.3779576
47238608.8309793
47288558.7687946
47380705.6905983
47385357.8699072
47473099.2530503
47565004.5932403
47574719.9655327
47588541.0944056
47634765.358128
47801650.6323414
47906194.7570651
47916299.000844
47961174.7075197
48270567.1438346
48349499.8711153
48355263.3902014
48632044.886296
48674889.2697781
48675736.4942136
48702485.8066531
48721323.5625266
48755767.7938874
48781086.4076531
48807593.634684
48896973.6125716
48960566.5194089
48997442.9732395
49202101.7006622
49205495.1738194
49235953.117673
49340457.2362126
49452891.6843553
49516007.4838014
49516715.0334209
49613466.8065786
49628303.7731513
49629479.0952482
49726476.8600425
49839465.3472348
50177014.0695027
50404573.2413252
50500812.4877014
50533033.7587626
50740225.0956648
50741863.1686217
50744607.298957
50891151.5874993
50897902.3029992
50977050.4909634
51129292.6356303
51234208.2053647
51338579.7809274
51352321.7840101
51434626.2860783
51527301.6336611
51576565.736414
51578234.5464825
51587183.8401846
51612771.4028554
51658734.5732063
51732788.0736435
51827013.4073573
51833662.4209025
51934091.1776581
51986910.2441797
52101266.3352964
52492599.8039678
52505164.8615773
52505180.3516886
52595761.7955932
52914064.5034769
52922426.0843269
52930738.9324068
52974018.1820997
53015153.7246859
53061546.0562887
53067403.1305136
53113047.6326261
53118447.7100116
53121374.1988629
53182269.5747369
53205634.3781821
53235270.2583372
53350773.8957554
53376729.4397675
53389730.353884
53456117.879206
53523627.2684701
53679373.4504989
53739283.7250233
53769679.9442506
53806370.2180635
53901494.8715162
53953328.3898664
53991671.3710895
54029906.8395258
54040214.9715229
54104706.9162567
54108720.5630812
54159232.1518096
54195684.5799837
54274812.5146021
54356738.5000682
54383203.1055587
54447069.4924587
54448798.2593727
54545877.1702904
54595634.1715801
54613098.8617532
54729369.375113
54750775.4039513
54762169.3118797
54868727.3990038
54881499.6327145
54888271.1563343
55076771.9885229
55247967.6032253
55256666.3504355
55262221.1349852
55373822.6938656
55481684.4411685
55482035.9074723
55493533.3675707
55516539.1209223
55886138.898466
55899707.7381703
55925687.6406745
55936279.8106753
55996872.306336
56051500.8078856
56137451.4451764
56141513.6698567
56205941.4447607
56366788.1615181
56452600.5523405
56462365.6965412
56574185.4790001
56659964.1747662
56904646.0969266
56979300.1540288
57407189.7971239
57463228.2522329
57490131.8591982
57599818.2964762
57673251.8633983
57694260.9885397
57752414.2998428
57784017.1646857
57786467.6304494
57868331.7441107
57885887.1981324
57946749.9075498
57981844.1330171
57999895.8725138
58056930.3871841
58058739.3414015
58069373.2190694
58213568.925034
58236583.4429918
58297810.8497882
58340473.9825859
58367688.5688769
58449848.844614
58468070.3505938
58468705.0976101
58503941.6953374
58522263.0843636
58599088.5592262
58658016.2474401
58662213.8473979
58682197.9434346
58725768.6956738
58809371.1640619
58891116.8376155
58975144.7711845
58975931.8028016
59005929.1748188
59017770.749628
59099452.8643753
59378060.2456565
59531487.8877803
59557931.5281838
59603258.7912451
59650568.914238
59669810.6957566
59818033.5063117
59934264.4698263
60003695.897751
60189440.6414253
60219854.6190799
60225608.814596
60226769.8454095
60286691.7908106
60401088.7798341
60518339.041999
60657725.4270841
60729563.154397
60998995.2548433
61138306.8269144
61295230.0733059
61419885.3983523
61494063.4551922
61508740.7264992
61593573.9653223
61678365.1976889
61833553.8157912
61846572.2646891
61863366.1858306
61952213.2164912
61978363.4306052
61982146.0979257
62146650.0330271
62259506.8873217
62293700.0777327
62311113.3206052
62641933.9638261
62704835.9600171
62742196.3360454
62813266.2190314
62825167.5648159
62826069.4169735
62858062.905378
62887314.8856141
62891832.6437783
62941832.45179
63063324.2534455
63071138.7156727
63202551.8539313
63203982.9368484
63296770.6943648
63345455.0139216
63489880.5538223
63502633.5597742
63582114.8054529
63603241.3918024
63613065.7919947
63918711.7133722
64100658.5803803
64219912.5428712
64273280.8445449
64716828.244377
64769372.1140248
65569469.1769852
65817747.1245711
66039746.5820228
66130346.7535247
66218345.2128578
66459713.0782335
66651093.8762501
66700384.4256593
66742918.3873245
67044693.9098189
67098001.1316232
67125725.1006668
67155692.7945551
67230243.2326648
67360889.3170045
67575488.7964641
67593492.0497656
67686335.414077
67768368.264644
67816814.2219752
67832343.4784117
68004964.7525108
68088161.3205682
68108608.5555515
68164607.0870068
68325098.28872
68380745.1933648
68575136.0852766
68647700.3107957
68691683.6124325
68780595.0867535
68869607.3974924
69011910.867753
69056255.6297701
69130311.8456749
69139825.2320206
69283587.4017533
69481721.4438192
69723687.8874406
69753180.7138701
70343924.4312029
70376488.3685091
70515143.4531601
70558634.3159903
70679666.359106
70789366.6316901
70836980.7930754
70915399.8459547
71136366.3538563
71300309.5057395
71853649.1217723
72084335.4483513
72330238.8984089
72426200.6575095
72487977.1420155
72572435.5595984
72602866.4668195
72632928.790343
72637601.2333799
72651628.074897
72768727.056594
72871015.12786
72884923.9165432
73535044.7554719
73541052.4413265
73892642.6126666
73896924.7693536
73923403.8462725
74051323.8455606
74063240.8797187
74153222.3404187
74159367.5878608
74398974.9111973
74401935.1525371
74644185.0917696
75035579.4561077
75344375.3498775
75378371.2075665
75607035.0321874
75705108.5456596
75775023.0713756
75802287.6937077
76157323.4929841
76294545.8162778
76300670.8427809
76684602.5485598
76873527.7798643
76923209.4944588
76938308.2302675
76954374.4031892
77007292.4781256
77008384.8602455
77065170.5119995
77082461.2785669
77249555.9323046
77258138.8888213
77342111.5285712
77370271.4304608
77470436.6715722
77493263.2953861
77536482.8695663
77658568.3667996
77907670.8093548
78048389.9155357
78139028.5418629
78296023.5171048
78481637.0009519
78575302.2969606
78613802.8397325
78769352.0784368
78834717.4288758
78905674.0522793
78995905.8384714
79134515.3643316
79204537.9541275
79238101.1944466
79373371.9333512
79512809.4662589
79529239.0032822
79689525.2162484
79691455.978838
79704779.7391314
79837968.656786
80325441.950622
80583804.385194
80624927.6713543
80676499.7854131
80738279.1316338
81190708.1972494
81325892.2140927
81349109.3115566
81660566.3860696
81673419.8344801
81762844.6618183
81908836.0675033
82126648.6393331
82205829.4124018
82245861.990193
82320269.5166471
82458164.5699781
82538739.5998482
82619046.8162329
82731509.9402172
82999131.8855566
83128738.8755201
83224258.2609366
83299571.578898
83319018.6078126
83356766.1325702
83450100.2677347
83492935.0386402
83527873.0445297
83596493.6999511
83602074.2870927
83632399.8210779
83810440.0467404
84139523.8489546
84183649.9726067
84239479.3599028
84380106.6254159
84491275.3797019
84496168.2828814
84512727.5238102
84525257.5698894
84648158.5679277
84785959.3228951
84858910.4035398
84888859.9263076
85168270.7452804
85278110.8093368
85334647.0352849
85461644.062502
85496348.892684
85502812.2046898
85505064.6667302
85541468.1952011
85575996.9666383
86075055.2119568
86080738.3843916
86111057.0831862
86139705.325929
86290491.5887725
86368429.9258897
86379882.5859338
86445496.048914
86547250.2400056
86728092.0170764
86897507.9861334
86959958.706516
86962701.7796204
87026274.6803716
87839085.8900995
87916351.0475351
87962284.579537
88244884.4207327
88415110.7208731
88721660.9164762
88870913.5220316
88902888.4992243
90272076.6981907
90734902.3870793
90753341.0990918
90837804.0609545
90865853.722603
91045586.1067277
91174626.3547807
92457910.5605283
92549282.2824977
92968881.3115498
93251061.825491
93424335.7127325
94800946.2758966
94820114.6777668
94874180.5502303
94932808.1166415
95128770.0566605
95200665.1751267
95394170.3312594
96087034.5722833
96131678.0216175
96151691.502631
96367935.8538936
96372119.7125429
96403220.0908992
96443363.832194
96453614.1430414
96508214.1839705
96633980.3400901
96659859.6896437
96770424.4786684
97230124.2360945
97294444.0206623
97323274.5398727
97379634.0652427
97403599.3897136
97457422.5628242
97731514.780889
97993378.0970902
98219190.3508286
98266194.0136802
98417393.4258227
98965553.9342472
99444374.1797734
100655384.395039
101211508.671965
101312445.064172
101673800.151442
101836486.788683
102154348.187255
102405540.576775
102460405.187077
102467888.791359
103026229.943334
103261498.629887
103322745.360255
103570959.384867
103804891.820891
104091105.435247
104261126.741739
104679980.257443
104697738.986837
104764236.87224
104873518.618518
104881954.653925
105094625.028998
105174054.774304
105339647.858124
105421612.597617
105549925.416619
105601063.189067
105639334.220683
105704861.544734
105821548.200437
105822941.667753
105956320.659002
106235232.655966
106314350.146383
106577016.600372
106846586.337174
107104964.811978
107148669.401142
107168700.746837
107310542.407319
107582953.274893
107765380.562657
107838183.998801
108152666.0359
108300807.65021
108303844.075341
108525729.428467
110152986.513292
111153014.149765
112113976.579796
113144594.27471
113469325.947997
113919398.647799
114910830.899057
115307764.430573
115508495.955986
115555545.582764
115635647.261795
115783419.967216
115886132.221866
116612969.0915
116728407.962939
116772291.533242
116898407.293882
117042639.099057
117133335.354056
117136533.973531
118051727.703528
118252030.818451
118733751.796174
118845835.290697
120455125.150338
120502423.242436
120598247.700099
120639107.180541
120744210.27489
120771384.715065
120872340.003735
120876264.741432
120984799.786024
121025830.898359
121154036.232051
121435582.950822
121538581.06588
121926502.642855
121961891.814055
122054100.475075
122109823.163958
122205553.832909
122899122.007998
122994513.894549
124671727.196187
125729954.321599
125784671.520532
125918301.070182
125949174.35181
126027126.069704
126038376.121343
126039664.894278
126230080.837465
126332306.791012
126345128.106152
126407295.645805
127008772.63822
127665758.889682
127671208.542723
127685520.499677
127696082.942208
127813437.692628
127870038.978695
127881153.65914
127926287.644614
128109024.629065
128156521.810216
128422278.015255
128462023.120592
128712437.266618
128855174.541943
128894509.611627
128941934.031946
129064118.33212
129069227.936967
129277631.889798
129749890.480198
129867603.715074
129888182.297425
130002518.059223
130080297.905251
131787592.948262
131832634.670301
134438376.982055
134631003.12291
134734876.29481
134806951.185681
135002461.327996
136735595.295426
137023209.069981
137048697.983499
137075066.431544
137183130.412641
137263629.127759
137934359.764102
139411776.903521
147789875.32381
148069653.761649
149721836.411654
151788107.790743
151789162.790306
151801040.340167
151818377.125378
151857020.034723
151863960.217838
151881091.908595
152005431.148037
152110691.063284
152251871.9947
152317536.891062
152552444.323169
152589986.06493
152651031.387242
152653307.016993
152762131.848057
152856239.691187
153017368.740731
153384563.251513
153393475.441653
153602000.895958
153689237.10291
153697983.682451
153771752.775727
153845512.914877
154179666.814138
154222168.575594
154267460.73986
154286627.80473
154726247.454808
158105592.735402
158179188.720363
158271466.743296
158279043.632827
158646245.290683
166018895.78053
167066597.726507
167069884.229825
167230226.814191
167265154.908401
167285623.287672
167373132.285216
167414532.284124
167535553.233522
167627285.627109
167670957.851116
167775676.561685
168002426.325467
168058043.441731
168305893.936984
168375959.137061
168750159.51553
169399724.451986
169448150.379012
173889910.873655
179795409.245718
179799696.368099
179817973.523862
179841771.041614
179853009.213708
179867379.066512
179883994.599121
179900892.632206
179944259.250316
180185315.233098
180203056.292565
180209961.58209
180255815.385099
180341634.608075
180377905.573624
180476337.25713
180594387.583503
181434032.840221
181544150.346708
181646104.177042
181751850.648742
181764566.849108
181943457.243817
182019150.964066
182077617.186273
182584196.348206
204000050.305268
209930862.484204
209937609.301719
209952680.64531
209963936.207733
209974501.376969
209976548.258883
210007164.92163
210048562.357154
210076319.465026
210093100.406427
212358118.686767
212417048.017589
212536060.892888
212554924.377675
212630678.706901
212687145.86863
212969871.505402
221395952.844487
221432707.684094
221455712.348705
221553737.4816
221566750.939188
221568299.739584
221619644.355243
221646834.009617
221699724.106068
221769978.682322
221818191.165837
221902762.297977
221956524.216601
222063030.229919
222280879.699979
222313758.716277
222792666.380534
242219777.854704
242221077.517678
242226012.357896
242239829.735015
242242144.496298
242262037.43108
246003305.685704
246041964.931907
246112265.280312
246148680.634155
246268533.52584
276595573.691363
276619602.513379
282274852.793305
282329678.620944
282355048.967051
283602289.382123
283611081.229182
283661121.360574
283687980.638855
283707176.175201
283732133.087239
283757654.231386
283789650.895261
283833970.423691
283840745.85125
283888422.527519
284071409.699
284082522.74031
284113935.38578
284527767.346468
321210234.033135
353607449.759498
353626589.134062
353638604.00862
353690780.132749
353695816.220808
353699901.223415
353722317.217838
353737003.248445
353765147.48061
353838300.008211
353863767.123609
353891399.613951
354084442.15603
431424408.669418
431428226.881474
431459675.003958
431472545.354513
431483938.410361
431498934.009949
431512232.535254
431556792.192745
431559298.79195
431585587.443547
431707641.775076
517029731.396327
517043324.149574
517048227.651079
517080769.026718
517085189.137861
517100063.936437
517110695.879813
517125104.695708
517202027.924963
610434467.356765
610435712.922867
610463992.175311
610470688.395684
610482008.311761
610488198.700853
610535574.698233
711623934.018503
711635552.428325
711657126.07085
711658947.597722
711685346.392369
820607785.703627
820630598.885012
820641933.968367
937397769.281655
-2.53017112565246e-098
-2.65698383261723e+303
0
6.39418085705209e-192
3.40400752123958e-307
0
