0
0
0
1.04139E6
1.17864E6
1.47721E6
1.70234E6
1.73495E6
1.97176E6
1.98831E6
2.15545E6
2.24381E6
2.32857E6
2.35363E6
2.35694E6
2.47041E6
2.62497E6
2.68252E6
2.84048E6
3.01332E6
3.09595E6
3.10969E6
3.12857E6
3.25383E6
3.32273E6
3.36305E6
3.46365E6
3.47483E6
3.50617E6
3.72443E6
3.76787E6
3.89923E6
3.97434E6
4.07013E6
4.09534E6
4.19836E6
4.2141E6
4.3962E6
4.4691E6
4.4750E6
4.5792E6
4.6604E6
4.6902E6
4.7591E6
4.8050E6
4.8380E6
4.8855E6
5.0206E6
5.0851E6
5.0907E6
5.1620E6
5.2009E6
5.2083E6
5.2930E6
5.3371E6
5.3448E6
5.4206E6