289.66e+03
420.0e+03
496.49e+03
633.07e+03
638.28e+03
751.67e+03
777.79e+03
793.50e+03
842.72e+03
948.21e+03
970.31e+03
987.78e+03
996.09e+03
1033.95e+03
1071.63e+03
1155.74e+03
1194.49e+03
1197.95e+03
1378.02e+03
1389.65e+03
1395.30e+03
1489.52e+03
1572.12e+03
1584.89e+03
1595.00e+03
1597.62e+03
1611.86e+03
1631.09e+03
1674.39e+03
1690.73e+03
1749.01e+03
1777.02e+03
1884.55e+03
1915.15e+03
1917.06e+03
1931.40e+03
1934.98e+03
1940.84e+03
2006.28e+03
2033.63e+03
2045.93e+03
2067.92e+03
2091.22e+03
2098.74e+03
2139.28e+03
2196.10e+03
2206.97e+03
2209.75e+03
2217.00e+03
2226.03e+03
2259.94e+03
2285.20e+03
2298.84e+03
2312.59e+03
2325.75e+03
2360.95e+03
2380.48e+03
2390.34e+03
2410.08e+03
2434.00e+03
2476.40e+03
2493.72e+03
2502.98e+03
2504.40e+03
2510.55e+03
2523.21e+03