.502e+6
.532e+6
.559e+6
.596e+6
.614e+6
.669e+6
.680e+6
.698e+6
.709e+6
.739e+6
.755e+6
.768e+6
.772e+6
.803e+6
.815e+6
.829e+6
.834e+6
.904e+6
.917e+6
.948e+6
.950e+6
.958e+6
.969e+6
1.003e+6
1.012e+6
1.021e+6
1.030e+6
1.056e+6
1.079e+6
1.095e+6
1.139e+6
1.151e+6
1.163e+6
1.186e+6
1.202e+6
1.210e+6
1.233e+6
1.243e+6
1.246e+6
1.252e+6
1.273e+6
1.288e+6
1.290e+6
1.293e+6
1.302e+6
1.341e+6
1.348e+6
1.413e+6
1.416e+6
1.423e+6
1.426e+6
1.430e+6
1.434e+6
1.435e+6
1.454e+6
1.466e+6
1.478e+6
1.487e+6
1.501e+6
1.514e+6
1.529e+6
1.534e+6
1.553e+6
1.565e+6
1.572e+6
1.574e+6
1.582e+6
1.588e+6
1.600e+6
1.603e+6
1.604e+6
1.608e+6
1.623e+6
1.645e+6
1.655e+6
1.656e+6
1.662e+6
1.673e+6
1.679e+6
1.684e+6
1.692e+6
1.704e+6
1.706e+6
1.718e+6
1.754e+6
1.758e+6
1.764e+6
1.771e+6
1.773e+6
1.775e+6
1.797e+6
1.802e+6
1.805e+6
1.815e+6
1.819e+6
